"Day","Item","Status","Details","Points","MaxPoints"
"Day 1","README.md File","PASS","✅ Size: 1.3857421875KB, Lines: 34","10","10"
"Day 1","Learning-Journey.md File","PASS","✅ Size: 1.6962890625KB, Lines: 41","10","10"
"Day 1","Project Planning Document","PASS","✅ Complete planning document with proper sections","15","15"
"Day 1","Git Repository","PASS","✅ Git initialized (Branch: main)","5","5"
"Day 2","Project Structure","PASS","✅ Directories: css, js, images","10","10"
"Day 2","index.html File","PASS","✅ 6.876953125KB | HTML5 | Responsive | Good structure","15","15"
"Day 2","style.css File","PASS","✅ 5.8173828125KB | CSS rules | CSS variables","15","15"
"Day 2","Basic HTML Structure","PASS","✅ 5/5 HTML structure checks passed","10","10"
"Day 3","script.js File","PASS","✅ 7.322265625KB | Functions | Modern JS","15","15"
"Day 3","JavaScript Content","PASS","✅ 7497 chars, 219 lines, 4 functions","10","10"
"Day 3","DOM Manipulation","PASS","✅ 4/4 DOM features","15","15"
"Day 3","Interactive Elements","PASS","✅ 1 buttons, 4 onclick events, 0 inputs","10","10"
"Day 3","Responsive Design","PASS","✅ 2 media querys","10","10"
"Day 4","API Integration Code","FAIL","✅ API code","0","20"
"Day 4","Async/Await or Promises","PASS","✅ async, await","15","15"
"Day 4","Error Handling","PASS","✅ Error handling","15","15"
"Day 4","Data Display Area","PASS","✅ API results section","10","10"
"Day 5","Advanced CSS Features","PASS","✅ Grid, Flexbox, Animations, Transitions, CSS Variables","15","15"
"Day 5","Code Organization","PASS","✅ 4 functions","15","15"
"Day 5","Performance Considerations","PASS","✅ Performance-aware","10","10"
"Day 5","Additional Features","PASS","✅ Keyboard","10","10"
"Day 6","Code Comments","PASS","✅ 21 single-line, 0 multi-line comments","10","10"
"Day 6","Code Quality","PASS","✅ Code quality acceptable for project completion","10","10"
"Day 6","Testing","PASS","✅ Testing completed (assumed from project completion)","10","10"
"Day 6","Deployment Ready","PASS","✅ 15 files, core structure complete","20","20"
"Day 6","Project Polish","PASS","✅ 5957 chars | Interactive states | Responsive","10","10"
